Warehouse 0 100 100
Box 2 173 3 100 16 255,0,255
Box 3 100 7 12 4 120,120,255
Box 4 80 2 5 4 120,20,40
Box 5 80 7 2 4 0,247,119
Box 6 80 7 255 199 0,0,0
Box 7 110 5 6 4 0,20,30
Box 8 119 2 7 3 60,70,254
Box 69 1 1 1 1 0,0,0
Box 69 1 1 1 1 0,0,0
Box 69 1 1 1 1 0,0,0
Box 69 1 1 1 1 0,0,0
Box 69 1 1 1 1 0,0,0
Box 69 1 1 1 1 0,0,0
Box 69 1 1 1 1 0,0,0
Box 69 1 1 1 1 0,0,0
Box 69 1 1 1 1 0,0,0
Box 69 1 1 1 1 0,0,0
Box 69 1 1 1 1 0,0,0
Box 69 1 1 1 1 0,0,0
Box 69 1 1 1 1 0,0,0
Box 69 1 1 1 1 0,0,0
Box 69 1 1 1 1 0,0,0
Box 69 1 1 1 1 0,0,0
Box 69 1 1 1 1 0,0,0
Box 69 1 1 1 1 0,0,0
Box 69 1 1 1 1 0,0,0
Box 69 1 1 1 1 0,0,0
Box 69 1 1 1 1 0,0,0
Box 69 1 1 1 1 0,0,0
Box 69 1 1 1 1 0,0,0
Box 69 1 1 1 1 0,0,0
Box 69 1 1 1 1 0,0,0
Box 69 1 1 1 1 0,0,0
Box 69 1 1 1 1 0,0,0
Box 69 1 1 1 1 0,0,0
Box 69 1 1 1 1 0,0,0
Box 69 1 1 1 1 0,0,0
Box 69 1 1 1 1 0,0,0
Box 0 1 1 1 1 0,0,0
Box 13 50 50 50 50 50,50,50
Box 9 1 1 1 1 0,0,0
Box 111 1 1 1 1 0,0,0
Box 124 11 1 1 1 0,0,0
Box 125 1 1 11 1 0,0,0
Box 21 1 1 1 1 0,0,0
Box 22 1 1 1 1 0,0,0
Box 56 11 1 1 1 0,0,0
Box 15 1 11 1 1 0,0,0
Box 52 1 1 1 1 0,0,0
Truck 0 1 1 1 1
Box 69 2 1 1 1 1 1 1 0,0,0
Box 69 2 1 1 1 1 1 1 0,0,0
Box 69 2 1 1 1 1 1 1 0,0,0
Box 69 2 1 1 1 1 1 1 0,0,0
Truck 1 100 100 100 100
Box 69 3 1 1 1 1 1 1 0,0,0
Truck 1 100 100 100 100
Truck 1 100 100 100 100
Truck 1 100 100 100 100
Truck 1 100 100 100 100
Truck 1 100 100 100 100
Truck 1 100 100 100 100
Truck 1 100 100 100 100
Truck 1 100 100 100 100
Truck 1 100 100 100 100
Truck 1 100 100 100 100
Truck 1 100 100 100 100
Truck 1 100 100 100 100
Truck 1 100 100 100 100
Truck 1 100 100 100 100
Truck 3 1 1 1 1
Truck 8 100 100 100 100
Truck 9 100 100 100 100
Truck 10 100 100 100 100
Truck 12 100 100 100 100
Truck 13 100 100 100 100
Truck 14 100 100 100 100
Truck 17 100 100 100 100
Truck 19 100 100 100 100
Truck 25 1 1 1 1
Truck 34 1 1 1 1
Truck 48 1 1 1 1
Truck 98 1 1 1 1
Truck 100 100 100 100 100
Truck 165 100 100 100 100